10,68
10,136
10,118
10,192
10,224
10,278
10,34
10,260
11,18
11,8
11,10
11,12
48,4
48,3
48,2
48,1
48,0
47,3
8,17
8,10
47,2
47,1
47,0
46,3
46,2
46,1
46,0
45,5
45,4
45,3
45,2
45,1
45,0
44,4
44,3
44,2
44,1
44,0
42,5
42,4
42,3
42,2
42,1
42,0
39,5
39,4
39,3
39,2
39,1
37,3
37,1
35,3
35,1
33,3
33,1
28,3
28,1
25,3
25,1
20,3
20,2
20,1
19,3
19,2
19,1
14,2
13,2
12,3
12,2
12,1
11,29
11,28
11,26
11,25
11,24
11,23
11,22
11,20
11,19
11,15
11,13
11,3
11,2
11,1
10,286
10,245
10,239
10,229
10,165
10,146
10,137
10,25
18,1
10,23
10,18
10,12
10,10
18,3
10,7
10,3
10,2
10,1
9,7
9,6
9,5
9,4
9,3
9,2
14,1
9,1
